1 0.35859375 0.10078125 0.028125 0.0203125
1 0.43125 0.11640625 0.015625 0.0125
1 0.396875 0.29453125 0.0453125 0.025
1 0.759375 0.3 0.025 0.015625
1 0.51015625 0.16875 0.0265625 0.01875
1 0.4359375 0.14765625 0.009375 0.003125
1 0.42265625 0.3953125 0.028125 0.0171875
1 0.3765625 0.39375 0.021875 0.0171875
1 0.32734375 0.390625 0.0375 0.0203125
1 0.74609375 0.378125 0.028125 0.0171875
1 0.540625 0.2859375 0.021875 0.0171875
1 0.62109375 0.653125 0.03125 0.01875
1 0.4125 0.84921875 0.0265625 0.025
1 0.340625 0.89296875 0.0375 0.021875
1 0.41328125 0.89453125 0.046875 0.0375