1 0.1015625 0.65078125 0.0203125 0.028125
1 0.1203125 0.57421875 0.0125 0.015625
1 0.3015625 0.6140625 0.025 0.0453125
1 0.3 0.240625 0.015625 0.025
1 0.16875 0.48984375 0.01875 0.0265625
1 0.15 0.57421875 0.009375 0.01875
1 0.3953125 0.58125 0.0171875 0.028125
1 0.39375 0.6234375 0.0171875 0.021875
1 0.3890625 0.68359375 0.0203125 0.0375
1 0.378125 0.25703125 0.0171875 0.028125
1 0.2859375 0.459375 0.0171875 0.021875
1 0.653125 0.38984375 0.01875 0.03125
1 0.84921875 0.5875 0.025 0.0265625
1 0.89296875 0.659375 0.021875 0.0375
1 0.89453125 0.58671875 0.0375 0.046875