1 0.34921875 0.1015625 0.028125 0.0203125
1 0.42578125 0.1203125 0.015625 0.0125
1 0.3859375 0.3015625 0.0453125 0.025
1 0.759375 0.3 0.025 0.015625
1 0.51015625 0.16875 0.0265625 0.01875
1 0.42578125 0.15 0.01875 0.009375
1 0.41875 0.3953125 0.028125 0.0171875
1 0.3765625 0.39375 0.021875 0.0171875
1 0.31640625 0.3890625 0.0375 0.0203125
1 0.74296875 0.378125 0.028125 0.0171875
1 0.540625 0.2859375 0.021875 0.0171875
1 0.61015625 0.653125 0.03125 0.01875
1 0.4125 0.84921875 0.0265625 0.025
1 0.340625 0.89296875 0.0375 0.021875
1 0.41328125 0.89453125 0.046875 0.0375