1 0.8984375 0.34921875 0.0203125 0.028125
1 0.8796875 0.42578125 0.0125 0.015625
1 0.6984375 0.3859375 0.025 0.0453125
1 0.7 0.759375 0.015625 0.025
1 0.83125 0.51015625 0.01875 0.0265625
1 0.85 0.42578125 0.009375 0.01875
1 0.6046875 0.41875 0.0171875 0.028125
1 0.60625 0.3765625 0.0171875 0.021875
1 0.6109375 0.31640625 0.0203125 0.0375
1 0.621875 0.74296875 0.0171875 0.028125
1 0.7140625 0.540625 0.0171875 0.021875
1 0.346875 0.61015625 0.01875 0.03125
1 0.15078125 0.4125 0.025 0.0265625
1 0.10703125 0.340625 0.021875 0.0375
1 0.10546875 0.41328125 0.0375 0.046875