1 0.89921875 0.35859375 0.0203125 0.028125
1 0.88359375 0.43125 0.0125 0.015625
1 0.70546875 0.396875 0.025 0.0453125
1 0.7 0.759375 0.015625 0.025
1 0.83125 0.51015625 0.01875 0.0265625
1 0.85234375 0.4359375 0.003125 0.009375
1 0.6046875 0.42265625 0.0171875 0.028125
1 0.60625 0.3765625 0.0171875 0.021875
1 0.609375 0.32734375 0.0203125 0.0375
1 0.621875 0.74609375 0.0171875 0.028125
1 0.7140625 0.540625 0.0171875 0.021875
1 0.346875 0.62109375 0.01875 0.03125
1 0.15078125 0.4125 0.025 0.0265625
1 0.10703125 0.340625 0.021875 0.0375
1 0.10546875 0.41328125 0.0375 0.046875